 1516 2009 4747 1 0
 2548 2576 3298 2 0
 2546 2576 3298 2 0
 1519 2010 4747 1 0
 1516 2069 4447 0 0
 1516 2085 4447 0 0
 1519 2070 4447 2 0
 1519 2086 4447 2 0
 1557 2383 4445 0 0
 1558 2383 4446 0 0
 1512 2444 3099 3 0
 1516 2445 3089 0 0
 1519 2445 3090 0 0
 1516 2456 3308 2 0
 1519 2456 3307 2 0
 1512 2536 3083 2 0
 1512 2536 3100 2 0
 1512 2537 3089 1 0
 1512 2537 3094 3 0
 1516 2532 3092 2 0
 1516 2539 3091 0 0
 1519 2532 3091 2 0
 1519 2539 3092 0 0
 1551 2513 3494 0 0
 1551 2528 3495 0 0
 1553 2513 3495 0 0
 1553 2528 3496 0 0
 1557 2555 3466 0 0
 1558 2555 3467 0 0
 1512 2500 3849 3 0
 1512 2500 3871 1 0
 1512 2504 3853 2 0
 1512 2504 3867 2 0
 1512 2505 3860 0 0
 1512 2506 3851 1 0
 1512 2506 3869 3 0
 1512 2510 3860 2 0
 1512 2500 3849 3 1
 1512 2500 3871 1 1
 1512 2504 3853 2 1
 1512 2504 3867 2 1
 1512 2506 3851 1 1
 1512 2506 3869 3 1
 1517 2561 3099 1 0
 1517 2572 3098 3 0
 1520 2561 3098 3 0
 1520 2572 3099 1 0
 1516 2594 3180 1 0
 1519 2595 3180 1 0
 1516 2613 3481 3 0
 1519 2612 3481 3 0
 1557 2568 3458 3 0
 1558 2567 3458 3 0
 1512 2608 3875 0 0
 1512 2609 3875 2 0
 1512 2611 3866 2 0
 1512 2611 3883 2 0
 1512 2613 3864 1 0
 1512 2613 3886 3 0
 1512 2615 3870 1 0
 1512 2615 3880 3 0
 1512 2609 3875 2 1
 1512 2611 3866 2 1
 1512 2611 3883 2 1
 1512 2613 3865 3 1
 1512 2613 3885 1 1
 1512 2615 3870 1 1
 1512 2615 3880 3 1
 1516 2564 9881 1 0
 1516 2576 9882 1 0
 1516 2576 9884 1 0
 1516 2582 9875 0 0
 1519 2565 9881 1 0
 1519 2577 9882 1 0
 1519 2577 9884 1 0
 1519 2582 9876 0 0
 1512 2665 3241 2 0
 1516 2678 3325 2 0
 1519 2678 3324 2 0
 1557 2635 3307 1 0
 1558 2636 3307 1 0
 1551 2634 3361 2 0
 1551 2675 3350 2 0
 1553 2634 3360 2 0
 1553 2675 3349 2 0
 1513 2635 4676 0 0
 1513 2638 4684 0 1
 1516 2635 4693 3 0
 1519 2634 4693 3 0
 1589 2643 4682 0 2
 1590 2643 4683 0 2
 1516 2645 9828 0 0
 1519 2645 9829 0 0
 1506 2704 3463 0 0
 1507 2695 3488 2 0
 1507 2710 3487 2 0
 1508 2704 3462 0 0
 1511 2694 3488 0 0
 1511 2709 3487 0 0
 1516 2737 3477 3 0
 1519 2736 3477 3 0
 1589 2726 3494 1 1
 1590 2727 3494 1 1
 1516 2740 3572 1 0
 1519 2741 3572 1 0
 1557 2741 3555 1 0
 1558 2742 3555 1 0
 1516 2776 3400 0 0
 1519 2776 3401 0 0
 1551 2766 3444 2 0
 1553 2766 3443 2 0
 1512 2752 3508 0 2
 1512 2755 3508 2 2
 1512 2760 3505 1 2
 1512 2764 3508 2 2
 1516 2757 3503 1 0
 1516 2761 3505 1 1
 1519 2758 3503 1 0
 1519 2762 3505 1 1
 1557 2757 3482 1 0
 1558 2758 3482 1 0
 1590 2755 3512 2 2
 1596 2816 3182 0 0
 1597 2816 3183 0 0
 1551 2854 3371 2 0
 1553 2854 3370 2 0
 1551 2924 3292 3 0
 1553 2923 3292 3 0
 1596 2934 3320 3 0
 1597 2933 3320 3 0
 1516 2891 3511 2 0
 1519 2891 3510 2 0
 1512 2896 3559 0 0
 1512 2901 3559 2 0
 1512 2901 3568 2 0
 1516 2898 3558 1 0
 1519 2899 3558 1 0
 1512 2920 4683 2 0
 1512 2920 4700 2 0
 1512 2922 4689 1 0
 1512 2922 4694 3 0
 1516 2916 4692 2 0
 1516 2923 4691 0 0
 1519 2916 4691 2 0
 1519 2923 4692 0 0
 1516 2908 9698 3 0
 1519 2907 9698 3 0
 1557 2898 9831 0 0
 1558 2898 9832 0 0
 1516 3001 3177 0 0
 1519 3001 3178 0 0
 1516 2957 3509 1 0
 1519 2958 3509 1 0
 1516 2958 3820 0 0
 1519 2958 3821 0 0
 1596 2948 3904 3 0
 1597 2947 3904 3 0
 1513 3013 3515 0 2
 1513 3029 3508 1 2
 1516 3021 3632 2 0
 1519 3021 3631 2 0
 1596 3008 3849 0 0
 1596 3071 3857 2 0
 1597 3008 3850 0 0
 1597 3071 3856 2 0
 1557 3022 10312 2 0
 1557 3040 10308 2 0
 1557 3044 10342 2 0
 1558 3022 10311 2 0
 1558 3040 10307 2 0
 1558 3044 10341 2 0
 1507 3122 3119 2 0
 1511 3121 3119 0 0
 1516 3129 3106 0 0
 1551 3107 3273 0 0
 1553 3107 3274 0 0
 1516 3101 3509 0 0
 1519 3101 3510 0 0
 1551 3079 3500 1 0
 1553 3080 3500 1 0
 1557 3112 3514 0 0
 1558 3112 3515 0 0
 1557 3075 3867 1 0
 1558 3076 3867 1 0
 1557 3103 9910 2 0
 1558 3103 9909 2 0
 1596 3131 9917 1 0
 1597 3132 9917 1 0
 1516 3166 3302 1 0
 1519 3167 3302 1 0
 1551 3145 3291 1 0
 1551 3163 3290 3 0
 1551 3175 3316 3 0
 1551 3181 3289 3 0
 1551 3186 3268 0 0
 1551 3188 3279 1 0
 1551 3198 3282 3 0
 1553 3146 3291 1 0
 1553 3162 3290 3 0
 1553 3174 3316 3 0
 1553 3180 3289 3 0
 1553 3186 3269 0 0
 1553 3189 3279 1 0
 1553 3197 3282 3 0
 1589 3192 9825 3 0
 1590 3191 9825 3 0
 1557 3145 9871 2 0
 1558 3145 9870 2 0
 1516 3213 3221 0 0
 1516 3217 3218 0 0
 1516 3244 3216 3 0
 1519 3213 3222 0 0
 1519 3217 3219 0 0
 1519 3243 3216 3 0
 1551 3213 3261 0 0
 1553 3213 3262 0 0
 1551 3236 3285 2 0
 1551 3236 3296 2 0
 1551 3241 3301 0 0
 1551 3253 3266 0 0
 1551 3261 3321 1 0
 1553 3236 3284 2 0
 1553 3236 3295 2 0
 1553 3241 3302 0 0
 1553 3253 3267 0 0
 1553 3262 3321 1 0
 1551 3213 3353 1 0
 1551 3255 3348 3 0
 1553 3214 3353 1 0
 1553 3254 3348 3 0
 1517 3253 3449 1 0
 1520 3253 3448 3 0
 1589 3254 3419 3 1
 1590 3253 3419 3 1
 1512 3209 3490 3 0
 1512 3223 3491 3 0
 1512 3219 3472 0 2
 1514 3224 3493 1 0
 1516 3212 3470 1 0
 1516 3215 3494 0 1
 1517 3249 3480 1 0
 1517 3252 3480 1 0
 1517 3255 3471 0 0
 1519 3213 3470 1 0
 1519 3215 3495 0 1
 1520 3249 3479 3 0
 1520 3252 3479 3 0
 1520 3256 3471 2 0
 1596 3202 3856 3 0
 1597 3201 3856 3 0
 1596 3225 3904 3 0
 1597 3224 3904 3 0
 1596 3312 3331 0 0
 1597 3312 3332 0 0
 1517 3281 3506 2 0
 1520 3280 3506 0 0
 4423 2426 3088 0 0
 4424 2427 3088 0 0
 14751 3021 3631 2 0
 14752 3021 3632 2 0