12 292
6 161800
8 156900
10 161700
12 161600
951 21
36 215
39 10
40 26
41 36
42 68
43 160
44 460
45 1
46 9
47 23
48 32
49 32
1635 1
1636 1
2415 80000
2416 80000
2417 80000
50 9
51 9
52 6
53 23
54 50
55 50
56 64
57 64
58 64
59 64
60 40
61 40
62 128
63 128
64 80
65 80
66 256
67 256
68 160
69 160
70 507
71 507
72 320
73 320
91 427
92 427
93 101
94 101
95 775
96 775
97 682
98 682
99 5321
101 3166
103 5617
105 3979
107 1629
109 6737
111 7417
113 1163
115 839
117 658
119 335
121 233
123 131
125 71
127 88
128 88
129 66
130 66
131 44
132 44
133 427
135 244
137 150
139 4447
141 3009
143 1551
145 1569
147 924
149 396
151 47
153 90
155 55
157 2831
159 1848
161 1454
163 199
165 218
167 73
169 5402
171 3874
173 1714
175 2013
177 1172
179 656
181 2305
183 1458
185 755
187 35
189 1226
191 1174
193 696
195 88
197 124
199 217
201 54
203 525
205 449
215 1259
217 6211
221 35
223 5
224 5
225 5
226 5
227 39
229 7
231 463
233 425
235 20
236 20
237 20
238 20
239 8
240 8
241 39
242 39
243 38
244 38
247 126
249 258
251 53
253 590
255 451
259 2836
261 5182
263 3583
265 1210
267 6232
269 55000
288 46
299 436
301 20
302 20
303 40
304 40
305 20
306 20
307 5
308 5
309 156
311 45
312 45
313 3
314 6
315 5
317 8
319 12
321 6
325 10
327 12
328 12
329 88
330 88
331 88
332 88
333 7
334 7
335 7
336 7
339 7
341 15
345 17
347 7
349 15
350 15
351 15
352 15
353 9
355 38
359 51
361 33
363 255
365 105
371 90
372 90
373 90
374 90
377 80
378 80
379 80
380 80
383 90
384 90
385 90
386 90
401 1
402 1
403 321
404 321
405 38
406 38
407 114
411 26
412 26
413 935
414 935
426 74
427 74
428 28
434 80
436 20
438 20
442 88
447 243
449 1300
464 904
534 1866
538 193
540 351
542 88
544 589
550 1
551 1
554 4
555 4
556 4
557 4
558 3
559 3
560 180
561 372
562 90
563 110
564 232
565 550
566 410
567 460
569 1818
571 1269
573 1335
575 1671
577 4
578 4
579 551
581 1771
590 1
591 1
596 1
598 277
600 552
626 838
628 551
630 561
632 601
634 376
636 361
638 293
640 390
642 387
644 70
646 245
648 274
650 429
652 368
654 128
656 683
658 400
660 398
662 1133
664 315
753 5
800 4
801 13
802 38
803 105
804 262
805 698
806 37
807 35
808 37
809 53
810 82
811 111
812 65
813 61
814 70
815 79
816 64
817 101
819 39
820 27
821 64
822 95
823 218
824 422
825 3
826 2
827 18
828 26
829 39
830 261
831 18
832 19
833 32
834 44
835 87
836 235
837 149
839 30
841 50
843 164
845 160
847 288
849 200
851 640
853 400
855 512
856 512
857 320
858 320
859 1024
860 1024
861 640
862 640
863 48
864 46
865 95
866 147
867 429
868 1883
869 76
870 66
871 71
872 110
873 180
874 68
875 449
876 1998
877 10
878 20
879 9
880 56
881 39
882 7
883 7
884 20
885 20
886 46
887 46
888 45
889 76
890 172
891 172
892 510
893 510
942 308
946 25
948 8
950 6
952 5
954 95
958 38
960 342
970 173
973 418
975 60
983 370
985 57900
987 12900
989 73700
991 1641
993 75000
1005 31
1007 78
1009 34
1011 304
1013 119
1015 16
1017 194
1019 90
1021 174
1023 279
1025 77
1027 382
1029 226
1031 223
1033 3989
1035 1614
1059 7
1061 6
1063 9
1065 1500
1066 1500
1067 68
1069 485
1071 1424
1073 3849
1075 22
1077 3969
1079 38300
1081 90
1083 485
1085 1449
1087 71
1089 2105
1091 4195
1093 38300
1095 4
1097 383
1099 3900
1101 118
1103 21
1105 336
1107 1663
1109 1059
1111 2759
1113 50000
1115 211
1117 15
1119 1088
1121 2978
1123 9821
1125 4433
1127 65000
1129 36
1131 26
1133 454
1135 4680
1136 4680
1137 5
1139 15
1141 79
1143 340
1145 1033
1147 11400
1149 59700
1151 276
1153 115
1155 5
1157 226
1159 748
1161 1991
1163 21000
1165 742
1167 5
1169 48
1171 20
1173 3
1175 17
1177 235
1179 592
1181 810
1183 2182
1185 22900
1187 315600
1189 4
1191 74
1193 392
1195 3806
1197 1202
1199 3204
1201 34200
1203 1
1205 13
1207 20
1209 95
1211 360
1213 4701
1215 30000
1217 82
1219 78
1221 89
1223 108
1225 164
1227 415
1229 4712
1231 30000
1233 167
1237 229
1239 151
1241 94
1243 375
1245 1118
1247 12400
1249 38500
1251 375
1253 216
1255 161
1257 378
1259 1123
1261 12400
1263 39100
1265 15
1267 388
1269 1195
1271 1805
1273 703
1275 32000
1276 32000
1277 33
1279 10
1281 90
1283 221
1285 385
1286 385
1287 1131
1288 1131
1289 12400
1291 5
1293 20
1295 183
1297 447
1299 651
1300 651
1301 1800
1302 1800
1303 32000
1305 100000
1307 15
1309 59
1311 470
1313 1042
1315 1418
1317 3748
1319 38600
1321 5
1323 19
1325 136
1327 2859
1329 503
1331 1579
1333 16200
1335 21
1337 5
1339 349
1341 644
1343 1163
1345 3089
1347 24900
1348 24900
1349 5
1350 5
1351 5
1352 5
1353 200
1354 200
1355 660
1356 660
1357 1625
1358 1625
1359 8000
1360 8000
1363 15
1365 264
1367 677
1369 890
1371 2450
1373 24960
1374 24960
1375 3
1376 3
1377 131600
1378 131600
1379 10
1380 10
1381 820
1383 1089
1385 1137
1387 1181
1389 58
1391 8282
1393 9174
1395 9169
1397 9146
1399 9187
1401 25500
1403 25700
1405 25600
1407 25300
1420 5
1422 2
1424 36
1426 2463
1428 233
1430 746
1432 8517
1434 32700
1435 32700
1462 622
1464 8
1470 104
1472 102
1474 250
1476 327
1478 3090
1511 3
1512 3
1513 240
1514 240
1515 120
1516 120
1517 60
1517 60
1519 30
1520 30
1521 15
1522 15
1523 731
1539 31
1550 19
1592 153
1595 143
1597 147
1599 78
1600 78
1601 1500
1602 1500
1603 750
1604 750
1605 375
1606 375
1607 188
1608 188
1609 75
1610 75
1611 113
1612 113
1613 150
1614 150
1615 7500
1616 7500
1617 150
1618 150
1619 75
1620 75
1621 38
1622 38
1623 19
1624 19
1625 15
1626 15
1627 23
1628 23
1629 30
1630 30
1631 750
1632 750
1637 546
1639 1455
1641 1221
1643 3824
1644 3824
1645 7750
1654 204
1656 570
1658 768
1660 1247
1662 8295
1664 25300
1673 176
1675 479
1677 716
1679 1220
1681 3444
1683 68500
1692 135
1694 443
1696 687
1698 1200
1700 2109
1702 60300
1704 60100
1712 62900
1714 153
1716 36
1718 115
1720 251
1722 38
1724 45
1725 1154
1727 504
1729 702
1731 2112
1733 1
1734 5
1735 1
1736 1
1765 77
1767 379
1769 570
1771 370
1773 113
1775 625
1779 55
1781 1
1782 1
1783 282
1785 72
1787 110
1789 180
1791 128
1793 33
1794 166
1823 332
1831 0136
1833 36
1835 32
1837 651
1859 724
1861 714
1863 94
1865 31
1869 79
1871 80
1873 335
1875 30
1877 330
1879 331
1881 393
1883 1946
1885 524
1887 10
1888 10
1889 579
1891 85
189323 63
1895 35
1897 412
189923 220
1915 17
1917 2
1919 2
1921 79
1925 2
1926 2
1927 41
1929 69
1931 1
1933 141
1935 1
1936 1
1937 1
1938 1
1939 158
1940 385
1941 1
1942 29
1944 23
1947 3
1949 173
1951 54
1953 429
1955 331
1957 40
1963 2
1965 17
1973 12
1975 20
1978 6
1980 1
1982 163
1985 84
1987 1
1988 1
1989 1
1993 128
1994 128
1997 254
1999 403
2001 353
2003 310
2007 413
2009 1444
2011 449
2015 93
2017 101
2019 135
2021 95
2028 32
2030 17
2032 34
2034 53
2036 38
2038 30
2040 27
2048 283
2054 599
2064 4861
2074 245
2080 538
2084 1676
2092 367
2102 30
2104 34
2106 21
2108 425
2110 40
2112 416
2114 60
2116 68
2118 24
2120 18
2122 13
2124 13
2126 53
2128 158
2130 52
2132 61
2134 49
2136 143
2138 91
2150 288
2162 14
2169 123
2171 2
2185 3762
2187 1043
2191 366
2195 395
2202 160
2205 220
2209 593
2213 101
2217 1264
2219 129
2221 129
2223 136
2225 128
2227 129
2229 699
2231 662
2233 221
2235 222
2237 76
2239 85
2241 65
2243 43
2253 173
2255 258
2259 227
2277 276
2281 222
2283 4
2285 625
2287 973
2289 981
2293 807
2297 1122
2301 1061
2307 52
2309 55
2313 163
2315 834
2317 693
2319 886
2321 805
2323 211
2325 213
2327 393
2331 193
2333 173
2335 135
2337 116
2341 490
2343 1257
2347 13
2348 13
2349 147
2351 195
2353 827
2355 224
2359 1529
2370 558
2391 229
2428 312
2430 139
2431 139
2432 540
2434 5921
2436 1992
2438 69
2440 4291
2442 299
2444 8283
2446 2759
2448 3260
2450 707
2452 8313
2454 5797
2456 3537
2458 2139
2460 629
2462 608
2464 584
2466 498
2468 531
2470 502
2472 695
2474 13300
2476 2863
2481 8386
2483 8601
2485 8224
2487 2800
2489 3160
2491 3592
2493 4152
2495 4668
2497 5292
2499 8736
2501 9758
2503 11078
2505 2568
2532 336
2533 304
2534 295
2535 293
2536 69
2537 281
2538 70
2539 84
2540 286
2541 367
2550 777
2552 1705
2566 648
2568 1123
2570 9856
2572 16300
2577 21700000
2579 1800000
2581 4800000
2583 79200
2585 57900
2595 360100
2597 345700
2599 72400
2601 24300
2603 41500
2605 70200
2607 293600
2609 68400
2611 138300
2613 232200
2615 485800
2617 217300
2619 510200
2621 391600
2623 204300
2625 103100
2627 293600
2629 184700
2631 111300
2633 59800
2635 195100
2637 430200
2639 15100
2641 27800
2643 449900
2645 54600
2647 28900
2663 313100
2665 1100000
2667 881500
2669 398100
2671 178800
2675 300300
2859 757
2861 24
2862 48
2864 50
2865 113
2866 29
2876 1833
2878 94
2890 1250
2894 1364
2896 850
2898 637
2900 1061
2902 316
2904 1795
2906 958
2908 836
2910 2224
2912 678
2914 1456
2916 902
2918 830
2920 886
2922 1333
2924 912
2926 553
2928 794
2930 967
2932 494
2934 1279
2936 883
2955 26
2961 40
2970 1511
2972 365
2974 749
2976 225
2997 1500000
2998 5155
3000 14700
3002 5473
3004 14200
3008 23
3010 5
3012 9
3014 14
3016 6288
3018 5293
3020 2203
3022 1021
3024 16000
3026 11800
3028 7473
3030 3960
3032 99
3034 86
3036 93
3038 81
3040 10600
3042 8303
3044 4521
3046 2209
3049 5068
3051 14800
3053 10100
3054 26800
3093 694
3094 725
3095 485
3096 34
3097 23
3122 34300
3123 1012
3125 845
3138 0
3139 0
3142 440
3144 460
3157 185
3162 21
3183 405
3188 222
3190 321
3192 95
3194 597
3196 3124
3198 4065
3200 4774
3202 79700
3204 199600
3211 153
3216 160
3226 393
3228 40
3239 43
3325 195
3327 72
3329 515
3331 79
3333 76
3335 70
3337 79
3339 1010
3341 75
3343 338
3345 149
3347 595
3349 153
3351 282
3353 188
3355 148
3357 930
3359 148
3361 1912
3363 1728
3365 950
3367 809
3369 1409
3371 196
3373 805
3377 16
3379 476
3381 305
3385 10200
3387 70600
3389 56600
3391 2889
3393 11000
3396 27
3398 272
3400 265
3402 1601
3404 3904
3406 96
3420 142
3422 306
3424 220
3426 152
3428 79
3430 1668
3432 1415
3434 1029
3436 638
3438 1003
3440 818
3442 882
3444 1913
3446 2376
3448 3321
3470 9714
3472 7128
3473 21300
3474 7255
3475 15400
3476 50800
3477 39800
3478 87900
3479 74500
3480 40900
3481 2000000
3483 2300000
3485 284100
3486 483600
3488 395300
3749 68000
3750 68000
3751 68000
3752 68000
3753 68000
3754 68000
3755 68000
3759 740
3761 202
3763 526
3765 730
3767 91
3769 503
3771 270
3773 524
3775 480
3777 626
3779 566
3781 555
3783 536
3785 505
3787 455
3789 637
3791 544
3793 1150
3795 881
3797 1303
3799 245
3801 713
3803 236
3827 1671400
3828 2368800
3829 3220700
3830 4239800
3831 14300000
3832 22600000
3833 32600000
3853 846
3867 1396
4087 258000
4089 15000
4091 120000
4093 80000
4095 10000
4097 10000
4099 16900
4101 74300
4103 48700
4105 9338
4107 43300
4109 9007
4111 71400
4113 48500
4115 110500
4117 12700
4119 920
4121 27000
4123 199
4125 323
4127 1546
4129 3656
4131 40600
4150 60
4151 1600000
4153 68800
4156 5000
4160 60
4161 1
4162 204
4164 921
4166 524
4168 411
4170 12300
4172 60
4173 60
4174 60
4175 60
4207 57600
4212 908200
4224 762200
4287 530
4289 478
4291 56
4293 65
4315 50
4317 467
4319 170
4321 407
4323 50
4325 112
4327 50
4329 517
4331 461
4333 660
4335 50
4337 671
4339 344
4341 520
4343 50
4345 226
4347 50
4349 827
4351 775
4353 537
4355 50
4357 769
4359 279
4361 531
4363 50
4365 216
4367 50
4369 979
4371 681
4373 697
4375 50
4377 499
4379 223
4381 449
4383 50
4385 150
4387 50
4389 733
4391 295
4395 50
4397 520
4399 158
4401 448
4403 50
4405 132
4407 50
4409 886
4411 519
4413 795
4417 164
4419 123
4421 83
4423 41
4436 183
4438 17
4440 2
4456 98
4458 38
4460 77
4464 12
4466 12
4468 18
4470 17
4472 16
4474 17
4476 17
4478 42
4480 40
4482 40
4517 952
4522 1426
4525 5
4527 22
4529 206
4535 33
4537 283
4540 14
4542 1
4544 76
4546 225
4548 1354
4551 923
4580 2374
4582 2909
4585 162200
4587 100000
4600 229
4608 293
4627 784
4675 63400
4694 149
4695 113
4696 9
4697 237
4698 354
4699 25
4708 67800
4710 74900
4712 1900000
4714 3300000
4716 77050
4717 77050
4718 156000
4719 156000
4720 210000
4721 210000
4722 206250
4723 206250
4724 1500000
4726 942500
4728 578900
4730 339200
4732 32200
4734 333000
4736 4700000
4738 524300
4740 346
4745 388900
4747 111400
4749 640200
4751 882900
4753 2500000
4755 110300
4757 310300
4759 855800
4773 71
4778 30
4783 33
4788 68
4793 90
4798 143
4803 196
4812 1385
4819 11
4820 13
4821 13
4822 16
4823 38
4824 73
4825 383
4827 118
4830 7812
4832 8739
4834 18800
4840 1555
4842 660
4844 417
4846 276
4848 140
4850 2139
4860 30100
4866 50700
4872 1900000
4878 2900000
4884 6000000
4890 356800
4896 524300
4902 838400
4908 1300000
4914 913900
4920 492100
4926 244700
4932 8110
4938 238400
4944 4700000
4950 495200
4956 302500
4962 97100
4968 512900
4974 724400
4980 2300000
4986 95600
4992 214400
4998 912100
5001 385
5003 221
5014 409
5016 248
5018 321
5024 755
5026 950
5028 1159
5030 834
5032 1043
5034 1115
5036 831
5038 319
5040 495
5042 767
5044 986
5046 1546
5048 721
5050 1043
5052 1141
5096 2
5097 3
5098 1
5099 1
5100 118
5101 1
5102 1
5103 1
5104 1
5105 4
5106 20
5280 8
5281 19
5282 5
5283 3
5284 3
5285 23
5286 220
5291 2
5292 1
5293 2
5294 3
5305 1
5306 1
5307 1
5308 10
5309 7
5310 1
5311 8
5312 2
5318 1
5319 1
5320 2
5324 1
5325 319
5329 162
5331 315
5341 164
5343 194
5345 13800
5350 4
5352 8
5354 358
5376 1
5386 2481
5396 3237
5406 209
5416 1069
5418 3
5438 522
5458 383
5478 267
5504 12
5516 30600
5521 756
5523 40
5525 10
5527 5
5529 9
5531 7125
5533 1
5535 5
5537 310
5539 11
5541 52
5543 93
5545 70
5547 904
5549 21300
5574 3526
5575 6248
5576 4697
5616 120
5617 134
5618 146
5619 157
5620 238
5621 314
5622 1760
5623 1702
5624 1726
5625 1681
5626 206
5627 1487
5628 162
5629 158
5630 167
5631 822
5632 185
5633 220
5634 399
5635 1802
5639 1825
5640 1857
5641 1726
5642 115
5643 116
5644 129
5645 141
5646 184
5647 321
5648 1755
5649 1756
5650 1769
5651 1781
5652 1824
5653 1961
5654 163
5655 164
5656 207
5657 279
5658 137
5659 529
5660 2002
5661 1803
5662 1748
5663 1847
5664 1897
5665 1391
5680 17100
5682 687
5686 6729
5688 8492
5690 8374
5692 7684
5694 8697
5696 8822
5698 25100
5700 8067
5704 860
5706 701
5708 646
5710 893
5712 1586
5714 12800
5716 38600
5718 9059
5720 8900
5722 8845
5724 8916
5726 9842
5728 19900
5730 40400
5734 3394
5736 11600
5739 370
5741 1093
5743 39500
5745 2235
5747 35400
5749 18
5751 784
5753 14200
5755 5002
5757 25800
5759 34
5761 1658
5763 1718
5765 3151
5767 46
5769 37
5771 1645
5773 3204
5775 4762
5777 6031
5779 3095
5781 6103
5783 9111
5785 12200
5787 2418
5789 4750
5791 7081
5793 8688
5795 1404
5797 2721
5799 4038
5801 5337
5803 1673
5805 3259
5807 4845
5809 6309
5811 1298
5813 2510
5815 3721
5817 4934
5819 3178
5821 6269
5823 9360
5825 12000
5827 3235
5829 6383
5831 9531
5833 13000
5835 1127
5837 2168
5839 3209
5841 4082
5843 5524
5845 11000
5847 16400
5849 22100
5851 27300
5853 52300
5855 78300
5857 112700
5859 1697
5861 3307
5863 4917
5865 6528
5867 39300
5869 78400
5871 117600
5873 167100
5875 3032
5877 5977
5879 8922
5881 11900
5883 2125
5885 4163
5887 6201
5889 8240
5891 1315
5893 2543
5895 3771
5897 5000
5899 12000
5901 24000
5903 35900
5905 47900
5907 15600
5909 31100
5911 46600
5913 66300
5915 3672
5917 7258
5919 10800
5921 14400
5923 2966
5925 5845
5927 8724
5929 11600
5931 247
5933 692
5935 1266
5937 228
5940 6430
5943 3623
5945 5129
5947 3542
5949 1885
5952 2238
5954 2195
5956 1367
5958 916
5968 425
5970 101
5972 1554
5974 971
5976 1004
5978 32
5980 51
5982 82
5984 25
5986 25
5988 4
5992 357
5994 20
5996 7
5998 6
6000 10
6002 77
6004 198
6006 234
6008 245
6010 4693
6012 122
6014 210
6016 5712
6018 488
6020 89
6022 20
6024 17
6026 6
6028 9
6030 3
6032 143
6034 933
6036 171
6038 5583
6041 11800
6043 60
6045 43
6047 42
6049 1157
6051 7950
6061 116
6062 1673
6128 22200
6129 37800
6130 37500
6131 36300
6133 10100
6135 8675
6137 38000
6139 26900
6141 24600
6143 2403
6145 3673
6147 35300
6149 1022
6151 2967
6153 104100
6155 4295
6157 8955
6159 34000
6161 34100
6163 7085
6165 15400
6167 13200
6169 26500
6171 463
6173 369
6211 2218
6213 2687
6215 18900
6235 85300
6237 17300
6257 84200
6259 17100
6279 81200
6281 4
6283 3
6285 13
6287 2477
6289 2832
6291 1455
6293 199
6295 100
6297 70
6299 82
6305 1
6306 5
6311 8952
6313 254
6315 6968
6317 8047
6319 8976
6322 30100
6324 946
6326 2125
6328 13500
6330 8009
6332 878
6333 137
6335 14000
6337 14300
6339 11500
6341 3389
6343 1528
6345 2053
6347 699
6349 1890
6351 3821
6353 1523
6355 2488
6357 992
6359 809
6361 2971
6363 443
6365 2259
6367 1599
6369 937
6371 3371
6373 331
6375 2692
6377 2003
6379 1642
6382 537
6384 281
6386 305
6388 639
6390 308
6392 362
6394 347
6396 355
6398 253
6400 361
6402 319
6404 354
6406 256
6408 707
6410 700
6412 1122
6414 1099
6416 1819
6418 1897
6420 2022
6470 7652
6472 4450
6474 2782
6476 1392
6522 587
6523 23500
6524 49500
6525 14900
6526 23500
6527 18300
6528 30600
6562 555600
6563 592200
6568 36700
6571 15300000
6573 15600000
6575 11400000
6577 3100000
6581 16700000
6583 602900
6585 15600000
6587 594
6589 1432
6591 431
6593 497
6595 982
6597 9181
6599 2045
6601 489
6603 454
6605 897
6607 1233
6609 4655
6611 997
6613 1164
6615 738
6617 4993
6619 1227
6621 752
6623 1570
6625 1470
6627 1984
6629 386
6631 1330
6633 2039
6667 29
6681 1
6683 19
6685 12400
6687 9075
6689 5581
6691 2641
6697 323
6701 198
6703 703
6705 451
6724 16300
6729 13500
6731 429000
6733 2000000
6735 449100
6737 4400000
6739 1500000
6760 5570
6762 10200
6764 7106
6794 148
6809 54700
6812 10200
6814 33
6889 5000000
6908 17500
6910 67100
6912 964400
6914 5000000
6916 1700000
6918 3500000
6920 948200
6922 1700000
6924 4700000
6959 112
6962 57
6971 26
6973 50
6975 119
6977 348
6979 325
6981 746
6983 1597
7051 410
7054 401
7056 558
7058 1114
7060 1067
7062 216
7064 128
7066 362
7068 433
7070 19
7072 60
7074 36
7076 34
7078 26
7080 146
7082 408
7084 39
7086 255
7088 148
7110 86
7112 369
7114 1078
7116 102
7122 608
7124 315
7126 212
7128 418
7130 259
7132 503
7134 426
7136 338
7138 110
7158 1400000
7159 309
7162 49
7164 59
7166 86
7168 1793
7170 1689
7172 40
7174 67
7176 950
7178 584
7180 291
7182 92
7184 131
7186 1457
7188 237
7190 167
7192 193
7194 643
7196 2088
7198 165
7200 129
7202 60
7204 332
7206 3760
7208 600
7210 363
7212 359
7214 1221
7216 2037
7218 1063
7220 375
7223 36
7224 107
7225 18
7228 154
7230 272
7319 30400
7321 21400
7323 61300
7325 33100
7327 62000
7329 101
7330 110
7331 132
7332 15600
7334 17700
7336 34200
7338 8414
7340 6966
7342 33900
7344 9730
7346 10200
7348 34000
7350 8536
7352 8317
7354 32700
7356 8795
7358 8842
7360 33200
7362 94100
7364 39700
7366 135200
7368 41600
7370 119700
7372 34900
7374 5274
7376 5331
7378 973500
7380 259400
7382 21700
7384 2364
7386 298900
7388 155700
7390 2100000
7392 445700
7394 2100000
7396 748400
7398 116500
7399 158200
7400 10600
7416 500
7418 400
7433 27
7435 14
7437 205
7439 1008
7441 868
7443 1823
7445 8497
7447 4665
7449 24800
7451 15200
7521 222
7566 487
7568 951
7650 414
7652 112
7654 85
7656 58
7658 30
7660 253
7662 196
7664 133
7666 67
7668 1666
7759 2532
7763 2665
7767 2685
7771 3018
7801 3821
7919 179
7934 186
7939 13600
7944 69
7945 69
383 300
384 300
7946 69
7947 69
7948 1
7949 1
8007 809
8008 784
8009 854
8010 732
8011 1079
8012 1013
8013 922
8014 548
8015 866
8016 561
8017 625
8018 646
8019 548
8020 381
8021 68
8431 11378
8496 1
8498 64
8500 3
8502 2
8504 1
8506 1
8508 6
8510 2
8512 1
8514 17
8516 2
8518 15600
8520 4529
8522 11800
8524 12500
8526 44000
8528 1
8530 1
8532 1
8548 1
8550 1
8552 1
8554 1
8556 245
8558 240
8560 338900
8562 24
8564 166
8566 2
8568 42
8570 1
8572 65
8574 472200
8576 2250
8578 1766
8580 1611
8582 1696
8584 1724
85864 1439
8588 4 288400
8590 583
8592 877
8594 133600
8596 528
8598 517
8600 181
8602 568
8604 514
8606 418
8608 105500
8610 34
8612 65
8614 1
8616 198
8618 25
8620 98
8622 113000
8778 479
8780 769
8782 2354
8784 140600
8786 337000
8788 956900
8790 1335
8792 1082
8794 131
8837 33
8872 2473
8874 2377
8876 2844
8878 12300
8880 1622
8882 19
8901 548700
8921 516200
8924 426
8925 331
8926 296
8927 389
8928 142000
9003 83
9004 11
9026 159
9028 548
9030 159
9032 71
9034 935
9036 91
9038 186
9040 375
9042 145
9044 1100000
9050 1100000
9052 59
9075 132
9140 38
9141 78
9142 130
9143 223
9144 836
9145 10
9174 18
9177 32
9179 116
9181 364
9183 1040
9185 9907
9187 1
9188 1
9189 2
9190 97
9191 142
9192 787
9193 5044
9194 7749
9236 19
9238 53
9239 53
9240 112
9241 275
9242 468
9243 1258
9244 6128
9245 8884
9287 62
9288 100
9289 140
9290 260
9291 905
9292 31
9294 159
9295 191
9296 225
9297 330
9298 991
9299 128
9301 1709
9302 1742
9303 1470
9304 1191
9305 1599
9306 1768
9336 73
9337 98
9338 246
9339 413
9340 1113
9341 5974
9342 8688
9375 11
9377 20
9378 57
9379 116
9380 255
9381 1344
9382 3
9416 422
9418 915
9419 1116
9420 74
9423 56
9425 95
9427 366
9429 1584
9431 9516
9434 103
9436 261
9438 136
9440 6
9442 7
9444 15
9446 22
9448 16
9450 44
9452 135
9454 23
9457 36
9459 126
9461 337
9463 902
9465 9633
9469 6208
9470 1800000
9472 84800
9475 607
9629 1420
9634 1319
9636 1255
9638 1365
9640 344
9642 328
9644 328
9666 28800
9668 22900
9670 26900
9672 4643
9674 7091
9676 6019
9678 5936
9729 97
9731 7345
9733 1697
9735 714
9736 841
9739 66
9741 25
9743 51
9745 72
9843 14
9844 154
9845 62
9846 105900
9847 326000
9848 991900
9849 44
9850 264
9851 26
9852 149
9853 2
9854 210
9855 42
9856 84
9857 130400
9858 336600
9859 27
9860 52
9861 87
9862 37
9863 222
9864 62
9865 84
9866 188
9867 61
9978 328
9980 23
9984 125
9986 110
9988 50
9992 95
9994 302
9996 167
9998 269
10000 219
